   2.0000000e+00   4.2584487e+00   2.2914786e+00   2.5981375e+00   4.0656118e+00   3.5461511e+00   1.7615376e+00   3.1091837e+00   3.4785644e+00   2.6429387e+00   3.0197621e+00
   1.0000000e+00   3.9319884e+00   2.5808434e+00   4.2963971e+00   4.8752903e+00   1.0743125e+00   3.0033496e+00   1.6934361e+00   4.1112860e+00   3.3438652e+00   3.8156127e+00
   2.0000000e+00   4.4535538e+00   4.5309411e+00   4.2177345e+00   4.3925383e+00   3.8290285e+00   1.6701160e+00   3.0568454e+00   2.1556568e+00   3.4130809e+00   5.4594805e+00
   2.0000000e+00   1.3058924e+00   2.7566048e+00   3.2435434e+00   2.2051569e+00   3.6124077e+00   3.6171012e+00   2.3443217e+00   4.5132093e+00   3.5788019e+00   5.0508691e+00
   2.0000000e+00   2.6452497e+00   4.7873836e+00   2.0747767e+00   3.7109216e+00   3.4411642e+00   2.8197905e+00   1.5151758e+00   3.2322416e+00   1.2132276e+00   1.8056032e+00
   2.0000000e+00   2.9826116e+00   3.1531859e+00   2.6367060e+00   2.2950295e+00   3.3976541e+00   3.5484935e+00   2.1442689e+00   3.3626820e+00   1.1285852e+00   1.5359929e+00
   2.0000000e+00   3.3764520e+00   2.3630965e+00   3.1427661e+00   2.9159215e+00   3.7863850e+00   3.9982698e+00   2.4630407e+00   1.3216991e+00   3.1874735e+00   3.5518180e+00
   2.0000000e+00   2.1313141e+00   2.4136491e+00   2.7225968e+00   4.5853522e+00   5.3973747e+00   3.2231215e+00   4.1169368e+00   3.5755155e+00   2.9645642e+00   3.7292402e+00
   1.0000000e+00   3.5584348e+00   4.5298742e+00   1.6506457e+00   2.4121506e+00   2.2110783e+00   3.1019996e+00   2.1998223e+00   1.2584767e+00   4.0166964e+00   2.7178409e+00
   2.0000000e+00   2.3058659e+00   4.7893236e+00   3.9591830e+00   3.1526991e+00   3.0266606e+00   3.5202272e+00   3.0457522e+00   2.9148115e+00   3.4953372e+00   2.8621650e+00
   2.0000000e+00   1.8177793e+00   3.4318614e+00   4.4216411e+00   2.9768024e+00   4.0157954e+00   3.7399614e+00   3.2584113e+00   1.5597263e+00   3.8764954e+00   2.8939659e+00
   1.0000000e+00   3.0507260e+00   3.6504996e+00   2.7448053e+00   3.0787044e+00   2.4717400e+00   2.4390156e+00   2.8102741e+00   1.0251801e+00   3.3113705e+00   1.3157057e+00
   2.0000000e+00   3.5175084e+00   3.4066944e+00   1.6401914e+00   5.0327307e+00   3.3256907e+00   1.0286657e+00   2.5989949e+00   2.6735636e+00   1.8506466e+00   2.0456530e+00
   2.0000000e+00   4.7068511e+00   3.1694514e+00   3.6629261e+00   1.9772699e+00   2.8352869e+00   2.8306041e+00   1.3630031e+00   2.7131656e+00   4.6510445e+00   1.6801750e+00
   2.0000000e+00   2.3975953e+00   3.0027428e+00   2.2075974e+00   3.5435937e+00   2.7801782e+00   2.8569658e+00   2.7811461e+00   2.6899989e+00   2.7437050e+00   2.2827638e+00
   2.0000000e+00   2.5026591e+00   4.1895679e+00   3.3386079e+00   3.1077577e+00   4.5716857e+00   3.3628972e+00   5.2509808e+00   3.5683311e+00   2.3458013e+00   3.3159332e+00
   2.0000000e+00   1.6360338e+00   4.0215579e+00   2.4069399e+00   3.0046639e+00   2.8051118e+00   2.8471744e+00   2.9182643e+00   3.7103616e+00   1.5714067e+00   5.7611640e+00
   2.0000000e+00   3.3922655e+00   2.8682387e+00   4.6906862e+00   3.0085478e+00   3.8529658e+00   3.9232028e+00   2.6400189e+00   3.5892470e+00   3.2803051e+00   4.8886094e+00
   1.0000000e+00   3.9236004e+00   1.6888482e+00   3.2123987e+00   3.8747287e+00   1.5915380e+00   3.1357573e+00   4.7818375e+00   3.4102248e+00   2.0328092e+00   2.2597583e+00
   2.0000000e+00   1.9842553e+00   3.8141548e+00   1.9490612e+00   1.7444957e+00   2.8170251e+00   4.9506464e+00   2.3145456e+00   3.0184205e+00   1.9926818e+00   3.1459545e+00
   1.0000000e+00   3.7518398e+00   3.0688083e+00   3.7974363e+00   3.8242714e+00   4.8405003e+00   2.6183262e+00   2.2584175e+00   3.6049668e+00   2.8300996e+00   4.0196506e+00
   1.0000000e+00   3.5965358e+00   3.7696962e+00   2.5759045e+00   3.0215374e+00   2.0453818e+00   2.3223181e+00   2.1665545e+00   2.6543663e+00   2.9288586e+00   4.2484085e+00
   2.0000000e+00   4.1566788e+00   2.3189549e+00   1.3549125e+00   3.3562406e+00   3.0273091e+00   3.5397497e+00   2.6005816e+00   3.4400743e+00   1.6007120e+00   2.0536577e+00
   2.0000000e+00   3.9258923e+00   3.2381789e+00   3.5756121e+00   3.4297869e+00   2.9296800e+00   4.3025857e+00   2.7422747e+00   1.1888005e+00   4.0034774e+00   3.2063262e+00
   2.0000000e+00   3.3429640e+00   3.2129225e+00   1.5083766e+00   3.9921286e+00   2.4208707e+00   4.0334420e+00   3.3161051e+00   2.8861977e+00   3.5822562e+00   2.8066648e+00
   2.0000000e+00   3.8183964e+00   3.9363739e+00   2.7390303e+00   2.9229656e+00   3.1132865e+00   3.6449923e+00   2.5921445e+00   2.8714011e+00   2.2238409e+00   3.1566482e+00
   2.0000000e+00   1.0515171e+00   1.9660069e+00   2.9690357e+00   2.2812477e+00   3.0628155e+00   3.4240177e+00   5.1093090e+00   3.1593228e+00   1.7497573e+00   2.1832561e+00
   2.0000000e+00   1.7744651e+00   2.0395544e+00   1.3551870e+00   2.8889876e+00   3.1388478e+00   3.3928199e+00   3.7493932e+00   1.7287199e+00   2.5919340e+00   2.1231060e+00
   2.0000000e+00   4.3441971e+00   4.1425045e+00   2.3934343e+00   1.5562843e+00   1.4705480e+00   2.4516197e+00   3.2880094e+00   9.5566717e-01   3.9124262e+00   2.2060615e+00
   2.0000000e+00   2.6101015e+00   3.7529621e+00   2.2759424e+00   4.5404087e+00   2.3602525e+00   2.6448850e+00   2.7854941e+00   2.7112864e+00   2.7898058e+00   4.4515827e+00
   2.0000000e+00   3.6033398e+00   3.5365926e+00   4.1072488e+00   2.8358022e+00   2.2226231e+00   4.2435419e+00   2.4279414e+00   2.8536895e+00   1.9548832e+00   3.7936891e+00
   2.0000000e+00   2.3965159e+00   1.7405697e+00   1.9930529e+00   2.8029263e+00   2.4351526e+00   3.4659652e+00   3.0171306e+00   2.7889637e+00   3.1438682e+00   4.0602319e+00
   1.0000000e+00   3.4311835e+00   3.0695261e+00   3.7778307e+00   4.5414438e+00   2.7323342e+00   3.7290152e+00   2.2578134e+00   4.3273119e+00   3.7275301e+00   4.2744314e+00
   2.0000000e+00   4.1222122e+00   1.2284881e+00   4.1067111e+00   3.2701998e+00   3.3926669e+00   1.4185159e+00   3.5076403e+00   3.3867483e+00   1.9713358e+00   3.8753147e+00
   2.0000000e+00   3.5691432e+00   3.2452440e+00   2.8668819e+00   3.4805069e+00   4.1913568e+00   4.6746267e+00   4.0341552e+00   5.5412941e+00   4.1849164e+00   3.5686386e+00
   2.0000000e+00   1.5179990e+00   2.7287387e+00   5.6545133e+00   2.2737151e+00   3.2454743e+00   3.2279731e+00   3.0646321e+00   1.6066491e+00   2.1453476e+00   3.8221508e+00
   2.0000000e+00   1.9209518e+00   2.0078483e+00   2.3267031e+00   1.7183289e+00   4.1019219e+00   4.0344920e+00   3.2043322e+00   4.5365026e+00   2.4929597e+00   2.5821651e+00
   1.0000000e+00   3.6169461e+00   3.0118078e+00   1.4461327e+00   3.8476286e+00   3.7861470e+00   3.0357240e+00   2.7798627e+00   1.9880502e+00   2.9263345e+00   2.0719134e+00
   2.0000000e+00   2.7381710e+00   3.9692878e+00   4.0178561e+00   3.3957338e+00   4.4347956e+00   1.7593929e+00   3.2406536e+00   4.0556601e+00   3.1319333e+00   2.7518203e+00
   2.0000000e+00   2.4368173e+00   3.7782430e+00   3.1183505e+00   1.6674915e+00   2.7175982e+00   3.1613538e+00   4.3769405e+00   2.9516912e+00   2.7348760e+00   2.8037849e+00
   2.0000000e+00   2.6495120e+00   1.0178614e+00   1.3997758e+00   2.1748159e+00   3.2431596e+00   2.5383081e+00   3.8657115e+00   4.2964127e+00   3.8665580e+00   1.6966153e+00
   2.0000000e+00   4.3066472e+00   1.6769133e+00   5.3015193e+00   2.0033823e+00   3.2546644e+00   3.4969403e+00   3.8477563e+00   8.4597386e-01   3.5563483e+00   3.2191471e+00
   2.0000000e+00   3.1637968e+00   2.3810977e+00   3.5805557e+00   3.8184636e+00   3.1803899e+00   1.4239776e+00   5.5120275e+00   2.1610075e+00   2.1999029e+00   3.2602696e+00
   2.0000000e+00   4.8510552e+00   2.9781640e+00   3.9440196e+00   3.1884511e+00   1.9013343e+00   2.9834731e+00   3.5289832e+00   4.0919540e+00   2.2972357e+00   7.2425841e-01
   2.0000000e+00   5.0113043e+00   3.3619597e+00   2.7492387e+00   3.1065390e+00   3.4022079e+00   3.0627254e+00   3.2086370e+00   2.7183509e+00   4.0776899e+00   2.4822915e+00
   2.0000000e+00   2.3388790e+00   3.5667814e+00   2.9412219e+00   2.5938159e+00   4.2733584e+00   3.1975515e+00   3.0791277e+00   1.7443451e+00   4.7177826e+00   1.6802968e+00
   1.0000000e+00   3.6444357e+00   4.2421798e+00   2.8545084e+00   3.3720561e+00   2.5886208e+00   2.8181044e+00   4.1532206e+00   2.4397312e+00   3.4149719e+00   3.0960249e+00
   2.0000000e+00   2.1702211e+00   2.7713773e+00   2.5159000e+00   3.1193930e+00   2.1795148e+00   2.5469341e+00   3.1028676e+00   1.8249486e+00   4.7613383e+00   1.6690231e+00
   2.0000000e+00   5.2892156e+00   3.3907923e+00   3.8855989e+00   3.7538873e+00   2.4518039e+00   2.0352351e+00   3.9685753e+00   2.2459847e+00   3.0835172e+00   3.9392509e+00
   2.0000000e+00   3.1744208e+00   2.1219182e+00   3.0051842e+00   1.7472308e+00   3.4080126e+00   1.6640446e+00   3.5212680e+00   2.9517197e+00   2.7247445e+00   3.2829728e+00
   2.0000000e+00   4.0142174e+00   5.3079846e+00   2.3397506e+00   4.6194880e+00   2.2932987e+00   3.0135635e+00   2.6214264e+00   2.8241602e+00   4.6792081e+00   3.5985592e+00
   2.0000000e+00   2.5901727e+00   3.3676883e+00   4.1896810e+00   3.6136888e+00   3.0888914e+00   3.7302362e+00   3.7719193e+00   3.3394632e+00   4.8688086e+00   3.4281186e+00
   1.0000000e+00   3.6756112e+00   2.8906766e+00   2.1933124e+00   2.2032496e+00   2.9098276e+00   2.5819642e+00   4.6587187e+00   2.1497430e+00   2.7534286e+00   2.6430086e+00
   2.0000000e+00   2.7267196e+00   2.5153806e+00   3.5579531e+00   3.1962370e+00   2.0829969e+00   4.3446039e+00   2.7165282e+00   3.2902191e+00   3.4402337e+00   4.3348991e+00
   2.0000000e+00   2.5360000e+00   3.7235907e+00   3.7305199e+00   2.1692057e+00   3.5043956e+00   1.6498066e+00   3.9953967e+00   3.3651725e+00   1.8867609e+00   3.0950572e+00
   1.0000000e+00   3.0328011e+00   3.5510976e+00   1.5925081e+00   3.7454996e+00   4.0598308e+00   3.5462665e+00   2.8598918e+00   4.4661666e+00   2.8289249e+00   4.7506266e+00
   2.0000000e+00   2.7985941e+00   3.0324137e+00   2.6288069e+00   4.0544838e+00   2.6775821e+00   2.8843245e+00   1.9884477e+00   4.2044565e+00   3.6190208e+00   4.7985823e+00
   2.0000000e+00   4.7320024e+00   2.1590474e+00   4.5649614e+00   1.7411534e+00   1.4160715e+00   4.0165110e+00   2.3058658e+00   2.3191643e+00   2.3284592e+00   2.1395814e+00
   2.0000000e+00   2.4916194e+00   4.4687965e+00   8.7187430e-01   3.5543150e+00   2.2818082e+00   4.7703230e+00   1.6997455e+00   1.1506632e+00   2.2717237e+00   3.5862402e+00
   2.0000000e+00   1.6024897e+00   2.6241785e+00   2.3963122e+00   2.1389779e+00   3.4735423e+00   3.5353661e+00   3.4821939e+00   2.5151715e+00   2.9001526e+00   3.3720781e+00
   2.0000000e+00   2.5007939e+00   2.1438695e+00   3.2270617e+00   4.1660663e+00   3.5204570e+00   4.2987372e+00   2.2494842e+00   3.3977211e+00   3.4400981e+00   2.6053151e+00
   2.0000000e+00   4.1586779e+00   2.2540468e+00   2.9767794e+00   2.4959814e+00   4.4075743e+00   2.8634692e+00   4.1766109e+00   2.8789146e+00   3.9494849e+00   5.8600399e+00
   2.0000000e+00   2.0916762e+00   3.8489182e+00   3.1498854e+00   3.1062602e+00   3.1214860e+00   3.1479310e+00   2.9491209e+00   3.0188928e+00   2.8625061e+00   3.0003661e+00
   2.0000000e+00   4.0467495e+00   2.1615271e+00   1.9453286e+00   3.8400415e+00   3.7837412e+00   3.2571621e+00   2.2734237e+00   2.5259490e+00   2.9994596e+00   2.3003232e+00
   1.0000000e+00   3.1764580e+00   2.7353867e+00   2.6861986e+00   4.4696300e+00   3.1153851e+00   3.4284200e+00   2.7636195e+00   3.7011035e+00   1.4328596e+00   4.4086606e+00
   2.0000000e+00   4.4069776e+00   2.4245358e+00   2.2547454e+00   1.7077903e+00   4.7846120e+00   2.6868781e+00   3.5553060e+00   2.9368069e+00   2.6812273e+00   3.8762768e+00
   2.0000000e+00   2.9979314e+00   4.3393759e+00   2.2165699e+00   9.7351668e-01   2.9779593e+00   3.2274342e+00   3.3167892e+00   4.1026965e+00   4.4785427e+00   3.1637718e+00
   1.0000000e+00   3.4196250e+00   2.0832102e+00   2.6896545e+00   1.7119324e+00   3.9858211e+00   2.4866697e+00   2.7591205e+00   2.1142833e+00   2.6253164e+00   1.7078568e+00
   2.0000000e+00   1.1783895e+00   2.4871799e+00   7.6723106e-01   3.6606366e+00   4.0198116e+00   5.2998770e+00   2.3324187e+00   4.1230963e+00   2.5461100e+00   4.0858726e+00
   1.0000000e+00   3.3617493e+00   2.9408327e+00   3.7201032e+00   2.5995854e+00   2.6875636e+00   3.3620113e+00   3.8831992e+00   2.0259461e+00   3.8372722e+00   2.9463813e+00
   1.0000000e+00   3.1376309e+00   2.6230421e+00   3.5306318e+00   4.3012464e+00   2.7793792e+00   3.6231663e+00   2.9439865e+00   3.2288212e+00   3.4615690e+00   2.7340044e+00
   2.0000000e+00   2.8913708e+00   3.7178787e+00   3.4670015e+00   2.8030600e+00   2.4434843e+00   4.5413589e+00   2.5777770e+00   4.2105640e+00   2.7905673e+00   3.4011552e+00
   1.0000000e+00   3.3176205e+00   2.6613593e+00   1.6309195e+00   4.9184515e+00   2.7579610e+00   3.2038780e+00   9.9033795e-01   2.9013089e+00   4.1915213e+00   1.1115140e+00
   2.0000000e+00   3.5156399e+00   2.3283373e+00   3.9618545e+00   6.3303025e-01   2.9747559e+00   4.8754993e+00   2.4123608e+00   3.6139343e+00   1.8880966e+00   4.1654678e+00
   2.0000000e+00   1.1286082e+00   3.4562590e+00   2.6429418e+00   3.5721114e+00   3.4198204e+00   3.4903691e+00   1.9213576e+00   3.6789418e+00   2.7971598e+00   2.1403756e+00
   1.0000000e+00   3.6516880e+00   2.4756943e+00   5.3054841e+00   3.3894343e+00   2.0317464e+00   2.2539799e+00   2.6264790e+00   1.9593096e+00   3.9963285e+00   4.0417137e+00
   2.0000000e+00   2.9454619e+00   2.2578393e+00   4.5014922e+00   2.3697265e+00   3.0634387e+00   3.2585882e+00   2.9084667e+00   2.2196624e+00   2.5724457e+00   2.9623443e+00
   2.0000000e+00   2.5046975e+00   2.5221239e+00   2.7977050e+00   2.8867501e+00   2.8906837e+00   2.0686535e+00   3.0585169e+00   4.0907473e+00   3.2708037e+00   1.5493149e+00
   2.0000000e+00   4.4292908e+00   3.0257433e+00   3.3283446e+00   2.9403788e+00   4.5489026e+00   3.6404187e+00   2.5289073e+00   2.5293773e+00   2.5254208e+00   3.3142960e+00
   2.0000000e+00   2.7993862e+00   2.2413352e+00   1.0354481e+00   4.3096180e+00   5.0591158e+00   3.5746801e+00   5.2691655e-01   3.6914077e+00   2.9457774e+00   4.3465416e+00
   2.0000000e+00   3.8639421e+00   2.5906718e+00   1.0293496e+00   5.2464636e+00   2.0179425e+00   3.7484510e+00   2.9063684e+00   3.6365307e+00   3.6177050e+00   2.3487851e+00
   1.0000000e+00   3.0460730e+00   2.5335535e+00   4.8131124e+00   1.3142572e+00   5.4049973e+00   3.4743538e+00   3.4370499e+00   3.9171398e+00   4.6331113e+00   2.2731937e+00
   2.0000000e+00   4.0304751e+00   2.8351998e+00   3.9311646e+00   3.5278894e+00   1.7650096e+00   2.7459237e+00   2.5548438e+00   4.0927841e+00   3.8442959e+00   4.8109029e+00
   2.0000000e+00   4.4001369e+00   1.2288022e+00   3.7275482e+00   3.0993697e+00   4.9292136e+00   3.4184275e+00   3.5630300e+00   2.0985951e+00   4.3938063e+00   4.2774703e+00
   2.0000000e+00   3.3080622e+00   2.3107286e+00   2.9997914e+00   5.7169467e-01   3.8657702e+00   7.2867178e-01   3.2153346e+00   3.5569507e+00   3.5927054e+00   2.3266307e+00
   2.0000000e+00   5.0817798e+00   1.5390593e+00   2.2879748e+00   2.8626903e+00   2.6305016e+00   4.4169746e+00   1.9728920e+00   3.7767296e+00   5.6407244e+00   2.8927463e+00
   2.0000000e+00   2.3427439e+00   8.9316439e-01   1.8527556e+00   2.2362811e+00   3.3089722e+00   4.0545393e+00   3.6366646e+00   1.8824429e+00   3.8979902e+00   2.5958287e+00
   2.0000000e+00   1.5526123e+00   2.9549998e+00   2.8026218e+00   3.0997460e+00   2.2659919e+00   2.6873688e+00   2.6635233e+00   4.4009490e+00   3.4862544e+00   2.5348099e+00
   1.0000000e+00   3.2974464e+00   2.3002193e+00   2.1847526e+00   2.3696021e+00   5.0656729e+00   3.7116261e+00   4.1869576e+00   2.1716477e+00   3.1012557e+00   3.0564824e+00
   2.0000000e+00   1.0131369e+00   2.1984553e+00   4.3348447e+00   3.4023456e+00   5.3676333e+00   3.3301354e+00   2.9965393e+00   3.1221432e+00   4.1851993e+00   3.9068933e+00
   2.0000000e+00   1.9194920e+00   2.5298573e+00   2.6121388e+00   2.2801734e+00   3.2848300e+00   3.6811460e+00   2.8926668e+00   2.4978388e+00   3.7859755e+00   3.5802379e+00
   2.0000000e+00   5.6501943e+00   2.1394334e+00   1.9962547e+00   2.8277881e+00   1.9427812e+00   2.8057925e+00   2.4107932e+00   3.4666952e+00   2.7698369e+00   3.9924268e+00
   2.0000000e+00   2.3238798e+00   2.7680352e+00   3.1722304e+00   2.0300680e+00   3.9036275e+00   3.0482043e+00   3.7932829e+00   3.0212876e+00   4.7465405e+00   4.0787911e+00
   1.0000000e+00   3.0348021e+00   2.9309539e+00   1.8281102e+00   2.5800848e+00   1.7899805e+00   2.1418800e+00   4.3974005e+00   1.7428061e+00   2.8619099e+00   3.9009421e+00
   2.0000000e+00   1.8389157e+00   2.5254232e+00   1.7928228e+00   3.5272263e+00   3.0972876e+00   1.6864201e+00   2.9864792e+00   3.4016519e+00   4.3677034e+00   4.2294600e+00
   1.0000000e+00   3.8330007e+00   4.2271942e+00   4.5635433e+00   1.6915484e+00   1.8141260e+00   3.2376092e+00   3.9419513e+00   3.7478803e+00   4.3627113e+00   3.4338888e+00
   2.0000000e+00   2.2871025e+00   1.8759171e+00   2.8136958e+00   3.1558383e+00   2.9219774e+00   2.0244445e+00   2.3275555e+00   2.9743671e+00   3.7703451e+00   3.9427750e+00
   2.0000000e+00   5.3566081e+00   2.6989488e+00   3.1904232e+00   2.9918542e+00   2.1294154e+00   1.3067955e+00   1.8054130e+00   2.1642237e+00   3.7606157e+00   3.0253564e+00
   2.0000000e+00   3.0627521e+00   3.4841906e+00   3.8372406e+00   3.4223404e+00   2.2546374e+00   1.7834830e+00   2.2365086e+00   2.6342282e+00   4.2392580e+00   3.9972990e+00
   2.0000000e+00   1.4933611e+00   2.8468536e+00   2.5258102e+00   2.8684019e+00   1.9184755e+00   2.7833291e+00   2.8164370e+00   4.8872077e+00   2.0503857e+00   4.7569013e+00
